1990 0.918884412767276
1991 0.938625021397627
1992 1.01171151611132
1993 1.02599579597158
1994 1.06100975816716
1995 1.06622370204491
1996 1.00236899703875
1997 1.00775743109686
1998 1.0314544570866
1999 0.991746282344474
2000 0.978562336705299
2001 0.978989423172168
2002 1.02722658052607
2003 1.08129949520678
2004 1.05214222202707
2005 1.10066010369795
2006 1.10687663469922
2007 1.0867375547756
2008 1.09425301488745
2009 1.08593961056503
2010 1.12467283556252
2011 1.09421147917992
2012 1.04358931798901
2013 1.06782908250205
2014 1.03877176584623
2015 1.04280215814976
2016 1.0519063082071
2017 1.05475280080991
2018 1.02645381443625
2019 1.02467842118851
